initial biases:
[array([[-3.00061683],
       [-0.79324157],
       [ 1.32983062],
       [-0.30972927],
       [ 0.13493335],
       [-0.22268685],
       [-1.35192001],
       [-1.02581217],
       [ 0.37282306],
       [ 0.07634374]]), array([[-1.19744976],
       [ 0.40704214],
       [ 0.26295756],
       [-0.13756717],
       [ 0.25434452],
       [-0.92309609],
       [ 0.57964831],
       [ 0.40035858],
       [ 0.60475144],
       [-0.34657347],
       [ 0.18006761]])]
initial weights:
[array([[-0.67021082,  0.84361419, -0.12699665,  1.08590029],
       [-0.66093618,  0.13107489,  0.40540206, -0.98921803],
       [-0.32694345,  1.31460166, -0.55409349,  1.45861217],
       [-1.56809753,  0.56313275, -0.1683373 , -1.44033661],
       [ 0.32040582, -0.03751905,  0.77098025, -0.05640152],
       [ 0.21911407,  0.099525  , -1.45275063,  0.24231218],
       [ 0.51971428, -0.11627513, -0.76736683, -0.0077147 ],
       [ 1.78917082,  0.13402266,  0.05107224,  0.03652069],
       [ 0.5499181 , -0.43450957,  0.26471207,  0.04023973],
       [-0.39605182,  0.16384915,  0.34368596, -0.77896313]]), array([[-0.22421752, -1.0096764 ,  0.05330605,  1.15911566,  0.58472297,
        -0.1003298 ,  0.89652359, -0.16468925,  0.77641782, -0.27931569],
       [-1.68856512, -0.49978267,  0.35351052,  1.16129601, -0.73506216,
         0.26709515, -0.57165594,  2.11876199, -0.7051685 , -0.49942983],
       [-0.5217359 , -1.95672847, -0.67254783, -0.11080573,  2.86764941,
        -0.1646912 , -1.0550056 ,  0.46246839,  0.07200609, -1.46695912],
       [-1.07423063,  0.37616348,  1.06199012, -0.36911097, -0.37225104,
        -1.21345745,  1.93650442,  0.13442044,  1.11330254, -0.4609601 ],
       [ 1.29393481, -0.39233017, -1.510864  ,  0.78646771, -0.78715701,
        -1.40044244,  0.5969978 ,  0.57738684,  1.61079369,  0.54330481],
       [ 1.98243967, -0.67184696, -0.97695087, -0.56700455, -0.31405856,
         2.74271925,  0.48481658, -0.34753436, -0.11195793,  0.9070718 ],
       [ 1.39396232,  1.09022332, -0.31552722, -1.37966356,  1.04007541,
         0.56585793,  1.89862741,  0.58793215, -1.77298232, -0.28053478],
       [ 0.79816673,  0.07010261,  0.30501518, -0.43551382, -0.84249326,
        -0.22404895, -0.38679556,  1.04159689, -0.35102135, -0.61702512],
       [-0.80381486,  0.06352899, -0.50088226,  0.61311175, -1.31438683,
        -0.53215092, -1.09554194,  0.52885359,  1.23593867,  0.83133096],
       [ 0.77536963, -1.28082638, -0.92551371,  0.46608897, -2.26380484,
        -1.8149532 ,  0.03546419,  0.44319834, -1.46387536, -0.47818309],
       [ 0.09654897,  2.10459886,  0.58347848,  0.59871218, -0.92258467,
         0.88909972, -1.10191727, -0.13815137, -0.40347203,  0.11235098]])]
Epoch 0: 256 / 1034
Epoch 1: 248 / 1034
Epoch 2: 310 / 1034
Epoch 3: 275 / 1034
Epoch 4: 271 / 1034
Epoch 5: 270 / 1034
Epoch 6: 224 / 1034
Epoch 7: 220 / 1034
Epoch 8: 220 / 1034
Epoch 9: 220 / 1034
Epoch 10: 154 / 1034
Epoch 11: 154 / 1034
Epoch 12: 258 / 1034
Epoch 13: 258 / 1034
Epoch 14: 258 / 1034
Epoch 15: 258 / 1034
Epoch 16: 258 / 1034
Epoch 17: 258 / 1034
Epoch 18: 258 / 1034
Epoch 19: 258 / 1034
Epoch 20: 258 / 1034
Epoch 21: 258 / 1034
Epoch 22: 258 / 1034
Epoch 23: 258 / 1034
Epoch 24: 258 / 1034
Epoch 25: 258 / 1034
Epoch 26: 258 / 1034
Epoch 27: 258 / 1034
Epoch 28: 258 / 1034
Epoch 29: 258 / 1034
