initial biases:
[array([[ 0.94043171],
       [-0.77259703],
       [ 0.05719832],
       [-0.2061822 ],
       [-0.3964258 ],
       [ 0.44286745],
       [ 0.54759337],
       [ 0.30757162],
       [-0.28407766],
       [ 0.69139866],
       [-0.58758654],
       [ 0.56940832],
       [-0.25630018],
       [-1.46767495],
       [-1.53057315],
       [-1.33095969],
       [ 0.85446882],
       [-0.49772328],
       [ 0.62472722],
       [ 0.84128136]]), array([[-0.51277425],
       [ 1.84675336],
       [-1.03279347],
       [ 1.57942289],
       [-0.28594958],
       [-0.42103602],
       [ 0.11427799],
       [-0.17412612],
       [ 0.41667808],
       [-0.55094176],
       [-0.11527785]])]
initial weights:
[array([[-0.31396157,  0.61044523,  0.98869332, -0.83766269],
       [ 0.47037055, -0.98763754, -1.08471321,  0.38573976],
       [-0.04997514, -0.98689416,  2.12797666, -0.03888047],
       [-1.23065105, -0.41514722,  0.81919173,  0.6640851 ],
       [ 0.36082596,  0.88754853,  2.15749936,  0.28304876],
       [ 0.59986335,  0.07192631,  1.09847841,  0.31105596],
       [-3.0417112 , -0.83894196,  0.76812906, -0.81146327],
       [ 0.83631925,  1.07553657, -0.67825722,  0.2909466 ],
       [-0.69698699,  1.40007224, -1.54865203, -0.23726741],
       [-0.1508128 , -1.41976759, -0.73500074,  0.42349434],
       [ 1.46878207,  1.77267047,  0.53477755,  0.96113781],
       [ 0.42767012, -2.59235437,  0.08356498,  0.73855356],
       [-0.51585178,  0.3599803 ,  1.31920833, -0.38294473],
       [ 0.00588353, -0.91499587,  1.62644593,  0.64974053],
       [-2.33585006,  0.67127876, -1.08202695,  1.83706842],
       [-1.27819691, -0.11117155, -1.04486965, -0.79597065],
       [-1.59816558,  1.29886482,  0.11900697, -0.1768274 ],
       [ 1.0855334 ,  0.10013243,  0.72819145, -0.83490482],
       [-2.51716838,  0.75229103, -0.04160452,  0.09518755],
       [ 1.24141311, -0.8137474 ,  2.01035593,  0.63747566]]), array([[-0.16318031, -0.08002398,  0.60022059,  0.29549656, -0.17813268,
         0.22311991, -0.91861805,  0.41526103, -0.35674896, -0.58348329,
        -0.51824993,  0.79796928,  0.31073271, -0.5634571 ,  0.78708164,
         0.73346001,  0.49661223,  0.62224118, -1.11506157, -0.58351532],
       [ 0.43914439,  0.11865508, -0.23988464,  0.81437353, -0.80189951,
        -0.4984375 ,  0.20547439, -0.0063809 ,  1.10597806, -0.29857694,
         0.68272137,  0.93082512, -0.86316957,  0.09957689,  0.94206908,
         0.88783154,  0.37985583, -2.42456118, -2.25045214, -1.58994634],
       [ 0.62603052, -1.44019273,  2.13184265,  0.15629332, -0.19243486,
         0.48160353,  0.14912123, -0.62916026,  1.45201119,  0.6612677 ,
        -0.6020482 ,  1.37002804,  1.7692389 ,  0.5107988 ,  1.2928904 ,
        -0.97710711, -1.43895196,  1.40065361, -0.11230817,  0.37658492],
       [-1.02098358, -0.91856704, -1.36120123, -0.32392472, -0.23534929,
         1.49248325, -0.01315037,  0.14241192,  0.47852623, -0.73288914,
         0.11241646, -1.32026345, -0.34435123, -0.46887542,  0.38607302,
        -1.70188441, -0.03659379,  0.92965421, -0.61201302,  0.50684445],
       [-0.37687348,  0.58062858,  0.65008064, -0.40467634, -0.84565013,
         0.27896346,  1.75339867, -1.1293089 ,  1.61289446,  0.01688445,
         1.81353071, -0.6806216 , -0.24044412,  0.15842119,  0.25178169,
        -2.54835326, -0.60013445, -0.20967685,  0.10587573,  1.27514967],
       [ 1.28769703, -2.47172738,  2.65583348, -1.60143843,  0.12643883,
         0.23672338, -0.62947828,  0.53381408,  0.448364  ,  0.37364834,
         0.09219059,  1.38779502,  0.24487871,  1.65797565,  0.06930842,
         0.70636761,  0.09056922, -0.01974263, -0.06428049,  0.87735808],
       [-0.95533397,  0.86402024,  0.64640455,  0.73066539, -1.90171435,
        -1.02245283,  0.87010046, -0.22542949, -0.09027692, -1.52136893,
        -0.2706493 ,  0.43009735, -1.13519156,  1.07094326, -0.24323524,
         0.24010167,  1.3841593 ,  0.21163148, -0.44312845,  0.40247098],
       [ 1.18568261,  1.50120203,  0.07792399, -0.26054607, -0.04238032,
        -1.55602047, -1.78966442, -1.7658454 , -1.07176601,  0.21257872,
        -2.19040138,  2.18010133,  0.98947622,  1.61583929, -0.64733356,
         1.20347529, -1.25536562, -0.79901545, -0.90869399,  1.57359089],
       [ 0.25062721,  0.56194547, -1.56169303,  0.19348036, -1.87328862,
         0.80445991, -1.20940255, -0.92117963,  1.56906628,  1.6837117 ,
         1.33089807, -2.17137251, -0.32099015, -0.40451392, -1.3070172 ,
         0.91384058, -1.06258853, -0.39208403,  0.71628426, -2.4975205 ],
       [ 0.52859784,  0.29683917,  0.96928395,  1.32505371, -1.09146698,
        -1.45401188, -0.32635063,  1.82738037, -0.32648721,  0.43977651,
         1.06946763,  1.81697046, -1.08721116, -1.22641325, -0.22507451,
        -0.40615585,  0.69258979,  0.34278989, -0.17654728, -0.32493217],
       [ 0.29146242,  0.01583657, -0.80715167, -0.40696551, -0.02670599,
         0.80071162, -0.54637797,  1.22484145, -2.26560921,  0.32682851,
         0.79749012,  0.10632465, -0.68335292, -0.1006442 ,  2.19544702,
         2.18792436, -1.85549251, -1.2020761 , -1.54392009, -1.09998779]])]
Epoch 0: 146 / 1034
Epoch 1: 327 / 1034
Epoch 2: 313 / 1034
Epoch 3: 298 / 1034
Epoch 4: 288 / 1034
Epoch 5: 259 / 1034
Epoch 6: 271 / 1034
Epoch 7: 273 / 1034
Epoch 8: 273 / 1034
Epoch 9: 273 / 1034
Epoch 10: 267 / 1034
Epoch 11: 267 / 1034
Epoch 12: 271 / 1034
Epoch 13: 246 / 1034
Epoch 14: 271 / 1034
Epoch 15: 282 / 1034
Epoch 16: 282 / 1034
Epoch 17: 282 / 1034
Epoch 18: 282 / 1034
Epoch 19: 282 / 1034
Epoch 20: 282 / 1034
Epoch 21: 282 / 1034
Epoch 22: 282 / 1034
Epoch 23: 283 / 1034
Epoch 24: 283 / 1034
Epoch 25: 283 / 1034
Epoch 26: 283 / 1034
Epoch 27: 283 / 1034
Epoch 28: 283 / 1034
Epoch 29: 283 / 1034
