initial biases:
[array([[ 0.0585154 ],
       [-0.6531954 ],
       [-0.67879705],
       [-0.49843312],
       [ 0.70477903],
       [-1.02913892],
       [-1.87862186],
       [-0.42633888],
       [ 0.33717021],
       [ 0.40269282],
       [-1.28924534],
       [ 1.58480896],
       [ 0.34513197],
       [-1.10605216],
       [-2.45369254],
       [ 0.64609446],
       [-0.11629605],
       [-0.16793687],
       [ 0.42818115],
       [ 0.07120804],
       [-0.25533907],
       [ 1.14322115],
       [ 0.39056133],
       [ 1.79060337],
       [ 2.04388615],
       [-0.24673082],
       [ 0.35345634],
       [-0.69668604],
       [ 0.27284034],
       [ 1.20877039]]), array([[-1.07005741],
       [-0.30790868],
       [ 0.9848481 ],
       [ 0.47773215],
       [-0.38284527],
       [ 0.7200704 ],
       [ 0.63824989],
       [-0.20677195],
       [ 1.11040772],
       [ 0.61928429],
       [ 1.23821319]])]
initial weights:
[array([[-0.05435526,  0.43448923,  3.21198326,  1.78655056],
       [-0.10201398, -0.94921755,  0.71899151,  0.85136653],
       [ 0.55905126,  0.63419527, -0.24340193, -0.11806592],
       [-2.02486255,  0.2244183 , -1.23572918, -1.20694485],
       [-0.13920366,  0.55001915, -0.14834081,  0.69540031],
       [ 0.07518575,  0.32577676, -0.66100968,  1.04844931],
       [ 1.55446075,  0.49089015,  1.33231886,  0.71524776],
       [-1.07668145, -0.60223   , -0.56559064, -1.27521951],
       [-0.64996588, -0.37483478,  0.43877562,  0.50248249],
       [-1.96069119,  0.01634761,  0.11652102,  0.66014354],
       [-1.4464985 , -0.22526224, -0.49350562,  0.28796353],
       [ 0.92385023, -1.49323101,  0.52029355,  0.38632041],
       [ 0.50969768, -0.70206036, -0.92101492, -1.13410176],
       [ 1.34800972, -1.49327334,  0.81227046,  0.18181818],
       [ 0.74479686, -0.38343186, -0.58007502, -0.20825336],
       [ 0.25359539,  1.70744748, -0.44840467, -0.32943877],
       [-0.70001927, -0.27071543,  1.43696283, -0.01184384],
       [-0.05307076,  1.37616847,  1.66568759, -0.14847409],
       [ 3.08152447,  0.23923099,  0.05297014,  1.39548337],
       [-0.41543545, -1.8977473 , -0.00519583, -1.08082291],
       [-1.44009518,  2.52133128,  0.61274944,  0.24038942],
       [-0.06094082,  0.1320693 , -0.49395033, -2.19322496],
       [-1.13465213, -0.77066542, -0.89483864, -0.48821324],
       [-1.55607908,  1.00420047, -0.47065846, -0.48586364],
       [ 0.08454794,  0.38439331, -0.18623743, -0.73151569],
       [-0.20800067,  0.3589333 ,  1.53215842,  0.95297317],
       [-0.08606285,  1.35525135,  0.92084058,  0.57787542],
       [-0.77741381,  0.09241707,  0.61684292, -0.78879271],
       [-1.67057624, -0.63002828,  0.3024034 , -0.84509935],
       [ 1.03201866, -0.71490641, -0.37206335, -1.46126523]]), array([[  1.38373114e-01,   5.31540202e-01,   5.72161267e-01,
          8.58729387e-01,  -2.70424507e-01,   3.92454014e-01,
         -2.66391715e-01,   1.18032843e+00,  -1.46135804e+00,
          2.68942061e-01,   1.23981951e+00,   7.96757704e-01,
          6.63419330e-01,   1.68431011e+00,  -8.49657105e-01,
         -1.70631259e+00,  -9.46843219e-02,   4.91666471e-01,
         -1.26569828e-01,   4.49444199e-02,  -1.27059442e+00,
         -2.31408296e-01,   2.60839070e-01,   2.20977293e-01,
          1.06169551e+00,   9.71042842e-01,   2.35928093e+00,
          1.85864728e-01,  -1.11001771e+00,  -1.76332500e+00],
       [  1.23044175e+00,   1.23278077e+00,   3.80137457e-01,
         -1.36441504e-01,  -1.50464990e+00,  -1.59339135e+00,
         -3.59217141e-01,   1.16147605e+00,  -1.16692465e+00,
          4.03911968e-01,   8.67037923e-01,   7.80231540e-01,
         -3.60354468e-01,   2.52029295e-01,  -4.92046353e-01,
         -1.06021905e+00,   1.05301962e+00,   1.46843786e+00,
          2.17759802e+00,  -1.35957853e-03,   1.71280955e+00,
          4.44003225e-01,   7.09746674e-01,   8.08126080e-01,
          1.79245657e+00,   2.01925024e+00,  -3.59773267e-01,
          2.57459972e+00,  -1.94158879e+00,  -3.18893423e-01],
       [  6.24658486e-01,  -1.18793530e+00,  -3.14112367e-01,
         -3.26112241e-01,   2.33576505e-01,   5.72733770e-01,
          6.27836791e-01,   3.89526048e-01,  -1.72865527e-01,
         -5.30425395e-02,   2.01380378e-01,   6.06552800e-01,
         -1.06326371e+00,   4.92564532e-01,   6.50512859e-01,
          9.67206252e-01,   1.59475138e+00,  -1.53001861e+00,
         -5.55278740e-01,  -8.01897836e-01,   1.07809351e+00,
         -1.84863599e-02,   1.01856004e+00,   5.72797692e-01,
         -1.31436000e-01,  -4.80992002e-01,   1.11392484e+00,
          7.07940892e-01,   2.83373420e-01,   6.92449377e-01],
       [  2.87968919e+00,   6.20927848e-01,   9.85050583e-02,
         -8.87923258e-01,  -1.38380922e-01,   6.69809447e-02,
          1.09530388e+00,   1.76260581e+00,  -4.83194428e-01,
         -1.47681826e+00,   4.70572128e-01,   1.67438758e-01,
         -3.14650608e-01,   1.41420680e+00,   5.95090024e-01,
         -3.85946092e-01,  -1.54873633e-01,  -1.54586159e+00,
         -1.12431262e+00,  -5.49365245e-01,  -8.16157056e-01,
          9.54936134e-01,   6.28583154e-01,   2.51370144e+00,
          1.71132699e+00,   5.89518092e-01,   1.26898144e+00,
          3.30040820e-01,   2.58270882e-01,   7.31391618e-01],
       [  1.06775223e-01,  -1.91208543e-01,  -5.67458686e-01,
         -1.08143034e-01,   1.57992593e+00,  -3.13076544e-01,
         -2.09167314e-01,   3.65146515e-01,  -6.55171621e-01,
         -3.46887911e-01,  -1.65238914e-01,  -1.91245071e+00,
         -1.83144145e+00,  -1.18223756e-01,  -4.68030520e-01,
          1.32888645e+00,   1.02347847e+00,   1.29363177e+00,
          3.91270309e-01,   1.08048069e+00,   2.43442151e-01,
         -9.92503871e-01,  -2.16233033e+00,  -1.36054330e+00,
         -1.20726050e+00,  -7.81047625e-01,  -9.83675139e-02,
          1.04422579e+00,   1.05627194e+00,   4.63109571e-01],
       [  2.07248006e-01,   2.44720583e-01,  -5.82523884e-01,
         -1.07068755e+00,  -1.01210454e+00,  -6.72870621e-01,
         -1.27846028e+00,   2.20285598e-01,  -2.53260169e-01,
          2.30025521e+00,  -2.49651195e+00,   3.71846106e-01,
         -3.74903008e-01,   4.62646413e-01,   7.37035040e-01,
         -1.22054825e+00,   4.84535393e-01,  -1.78344078e-01,
         -4.35562454e-01,  -1.82767739e+00,  -6.24874544e-01,
          2.58821116e-01,  -7.16892570e-01,  -3.05077681e-01,
         -6.47093949e-01,   3.03531036e-01,  -1.33092302e+00,
          6.43071412e-01,  -4.17464756e-01,   1.42725023e+00],
       [ -6.81005833e-01,   2.49782751e-01,  -1.46319699e+00,
         -1.75564758e-01,  -2.92160443e-01,   1.41914604e-01,
          9.14978211e-01,   2.02199994e-03,   5.00981587e-01,
         -1.71915587e-01,  -9.69377615e-01,  -3.06957676e-01,
         -5.09177056e-01,  -5.62926741e-01,   1.71955411e+00,
         -1.15470389e+00,   1.30715112e+00,   1.80455479e+00,
          3.99928852e-03,   8.84170776e-01,   1.01127602e+00,
          4.17608576e-01,   1.09877868e-01,   6.02000747e-01,
         -1.16490189e+00,  -1.17386486e+00,   1.30376017e-01,
          6.45268596e-01,  -1.28356086e-02,  -1.39781966e+00],
       [  4.78311162e-01,   1.51655618e+00,   2.69356506e+00,
          3.00691731e-02,  -8.27535820e-01,  -1.21094759e+00,
         -1.05045512e-01,   2.12095598e-01,  -6.01566610e-02,
         -1.30333965e+00,   8.53284204e-01,  -5.99140253e-01,
         -3.54718498e-01,  -2.20982021e-01,   5.69094242e-01,
          6.26846209e-01,  -5.10922760e-01,  -7.56871623e-01,
          8.41229069e-01,  -6.87230742e-02,  -1.83968172e-01,
         -1.28142179e+00,  -2.18853774e-01,  -6.79287021e-01,
         -1.08740839e+00,  -4.39383113e-01,  -3.42156154e-01,
          1.13585415e+00,   9.02773390e-01,  -1.54011398e+00],
       [  8.98605471e-01,  -2.98829355e+00,  -5.32036472e-01,
         -2.53804371e-02,  -3.50743765e-01,  -4.41816913e-02,
          5.07326797e-01,   1.78184752e+00,   5.02486575e-01,
         -9.79172305e-03,   6.11103399e-01,  -1.85153227e+00,
         -1.37275299e+00,  -8.44786235e-01,   5.88752509e-01,
          2.76255546e-01,  -2.76088929e-01,   3.20838489e-01,
          8.91687754e-01,  -8.80945174e-01,  -9.51788583e-03,
         -6.82122025e-02,  -7.88830682e-01,  -1.42489714e+00,
          1.33168672e+00,  -1.12534152e+00,  -9.95687813e-01,
          1.10664337e+00,   7.93189447e-01,   1.14421946e+00],
       [ -1.71246033e-01,   1.17254820e+00,  -1.06923300e+00,
         -4.80927160e-01,  -1.10504855e+00,  -2.66128648e-01,
          5.99987983e-01,   2.59952902e+00,   1.01854576e-01,
          6.43461007e-02,   1.34204114e+00,   5.10878559e-01,
          1.49692816e+00,   2.57895583e-01,   1.06864260e-01,
         -9.55931237e-01,   1.26054261e+00,   9.84718759e-01,
         -6.28232818e-01,  -1.83758913e+00,   9.25530555e-01,
         -1.28614072e+00,  -2.19619715e-01,   4.13549759e-01,
         -1.35713990e+00,  -7.67538481e-02,  -1.31334297e+00,
         -8.26278182e-01,  -2.90377114e-01,   1.53191292e+00],
       [ -1.23684230e+00,  -1.18692922e-01,  -1.22180834e-01,
          5.06005328e-01,   9.95891112e-01,  -1.76891953e-02,
         -8.12684827e-01,   4.60784948e-01,   5.70415689e-03,
          5.01627914e-01,   4.34563843e-02,   3.08753692e-01,
         -8.12680630e-01,  -7.20474493e-01,  -2.01527325e+00,
          7.78027415e-01,   1.89930827e+00,  -9.85066475e-01,
          8.01858273e-01,   1.79666427e-01,   7.63472796e-01,
          3.27977567e-01,   5.04288909e-01,   1.29871472e+00,
         -9.62726023e-01,  -4.37957106e-02,  -4.39947557e-01,
         -7.90211791e-01,   7.65270350e-01,   6.17323202e-01]])]
Epoch 0: 255 / 1034
Epoch 1: 247 / 1034
Epoch 2: 302 / 1034
Epoch 3: 276 / 1034
Epoch 4: 320 / 1034
Epoch 5: 296 / 1034
Epoch 6: 296 / 1034
Epoch 7: 301 / 1034
Epoch 8: 278 / 1034
Epoch 9: 288 / 1034
Epoch 10: 288 / 1034
Epoch 11: 288 / 1034
Epoch 12: 288 / 1034
Epoch 13: 289 / 1034
Epoch 14: 327 / 1034
Epoch 15: 327 / 1034
Epoch 16: 327 / 1034
Epoch 17: 327 / 1034
Epoch 18: 327 / 1034
Epoch 19: 327 / 1034
Epoch 20: 327 / 1034
Epoch 21: 330 / 1034
Epoch 22: 330 / 1034
Epoch 23: 330 / 1034
Epoch 24: 330 / 1034
Epoch 25: 330 / 1034
Epoch 26: 330 / 1034
Epoch 27: 330 / 1034
Epoch 28: 330 / 1034
Epoch 29: 330 / 1034
