initial biases:
[array([[-0.6934197 ],
       [-0.9630369 ],
       [ 1.0232278 ],
       [-1.16855099],
       [-0.41894015],
       [-2.1430122 ],
       [ 1.061409  ],
       [-1.30565793],
       [-0.01540494],
       [-0.79292439],
       [-0.98752923],
       [-0.22969877],
       [-1.06644015],
       [ 0.34672282],
       [-0.98924836],
       [ 1.93008873],
       [-0.59065324],
       [-2.54729412],
       [ 0.19715014],
       [-0.8822642 ],
       [ 0.65709805],
       [ 0.86906636],
       [-1.25936873],
       [-0.50409145],
       [ 0.06175478],
       [ 0.27600588],
       [-1.22249434],
       [ 0.4868793 ],
       [ 0.6049919 ],
       [ 1.0071964 ],
       [-0.80884875],
       [-0.7178182 ],
       [ 0.12318535],
       [ 0.55923208],
       [-0.56742814],
       [-1.20217954],
       [-1.24848274],
       [-0.01073469],
       [-0.25150054],
       [ 1.31969957]]), array([[ 0.13777849],
       [ 0.09550676],
       [-0.63009241],
       [ 0.0027285 ],
       [-0.14765995],
       [-0.13558905],
       [-1.65747264],
       [-0.01453512],
       [ 0.30206154],
       [-1.77650221],
       [ 0.8402759 ]])]
initial weights:
[array([[-0.68297231, -0.41336163,  0.31726155,  1.80978014],
       [-0.82383991,  0.10178124,  0.00286264,  0.27376626],
       [-0.08888125,  0.12606974,  0.67880197, -0.0772964 ],
       [-0.63308114,  0.22311352,  0.3676762 , -1.36661339],
       [-1.24773755, -0.06450569, -0.67957866, -0.1043484 ],
       [ 0.41410323, -0.76456294, -1.91603919, -0.63514864],
       [-0.23797563, -0.87808869, -0.02855338, -1.40042018],
       [ 0.10701342, -0.26840188, -1.22136224, -0.06062088],
       [-1.22238589,  0.81336911, -0.39952674,  0.06729147],
       [ 0.5250274 , -0.37003941, -0.36825068, -1.42545527],
       [-0.11808631, -1.08241574, -0.64656821,  1.35667431],
       [ 0.38675198, -2.16854512, -0.83534385, -0.64918577],
       [-2.02090651, -2.63786753,  0.69188983,  1.49112619],
       [ 0.3431769 ,  0.1101802 ,  1.15186682,  0.00567256],
       [ 1.21817187,  0.18478502,  0.37902738,  0.37687052],
       [-0.36974097,  0.60810112,  0.40609454, -1.36689763],
       [-0.40796935, -0.59646995, -1.45047882, -1.55564237],
       [-0.43393517, -0.97982317,  0.68715944,  0.54022611],
       [ 0.13987022,  0.11925575, -0.24058414, -0.56816688],
       [ 0.37817297,  0.17882425, -0.2187025 , -0.37060535],
       [-0.16149126, -1.24960924, -1.56328872,  0.05074823],
       [ 0.17578568, -0.31103933, -1.81923575,  2.38051965],
       [-0.26052532,  1.2917312 ,  1.16866074, -0.03743494],
       [ 1.23181227,  0.22227862,  0.65808195, -0.33590237],
       [-0.06956392,  0.48329041, -1.25485619, -0.80960765],
       [ 0.20509375,  0.09802156,  1.13376142, -0.79233426],
       [-2.14692564,  0.92152241, -0.23234479, -1.13157327],
       [-0.98502705, -0.08367447, -0.67641932, -0.78159931],
       [-0.01969867, -0.70990299,  0.33890535, -1.59446652],
       [ 0.377433  , -1.62445104, -1.42050124,  0.21886034],
       [-0.97219128, -1.89866279, -0.08220227,  2.43793721],
       [ 0.01885778, -0.43408028, -0.00653093, -0.87555527],
       [-0.3929774 , -0.17479733, -0.13907984,  0.79894247],
       [-0.08516837, -1.97921388,  0.00657061,  2.37299345],
       [ 1.07898176,  1.15175926,  0.45634068,  0.31034664],
       [-0.65458288,  0.70545089,  1.317282  , -0.39884178],
       [-1.30222984,  1.2032273 , -0.99365432, -1.25393928],
       [-0.83988203, -0.71189109,  0.36528309, -2.03565312],
       [-0.7200299 , -1.55575365, -0.75895947, -0.86390564],
       [ 1.61910948, -0.93844822,  0.53488051, -0.06083493]]), array([[  4.25014364e-01,   1.39968662e+00,   3.73884353e-01,
          1.22647130e+00,  -7.25477179e-01,  -2.07752567e+00,
         -9.99262474e-01,   5.20939791e-01,   6.42031044e-01,
          8.63373260e-01,   9.35212989e-02,  -5.73754978e-01,
         -5.03604229e-01,  -1.06943119e+00,  -9.06652668e-01,
         -2.42778430e-03,  -1.12406628e+00,   1.57898415e+00,
          9.83455423e-01,   5.34275231e-01,   1.85196289e-01,
          3.30155577e-01,  -2.45063113e-01,  -1.31778271e+00,
          1.20160000e+00,  -5.86403086e-01,   7.18173533e-01,
         -1.68034445e+00,  -1.14358901e+00,  -7.99147730e-01,
         -1.33280376e+00,   1.54244964e+00,   4.47117883e-01,
         -8.23771205e-01,  -1.25923024e+00,  -2.26740166e+00,
          8.94802997e-01,  -2.14198529e-01,  -4.91863184e-01,
          8.07066033e-02],
       [ -9.89563047e-02,   3.91986675e-01,  -3.47467530e-01,
         -3.30944982e-01,   2.41546630e-02,  -1.27837030e+00,
         -1.13145967e+00,   6.74150870e-01,   7.01998023e-01,
          5.18316635e-01,  -1.32240034e+00,  -9.65127192e-01,
         -6.76962898e-01,  -1.69588294e+00,   2.12157718e+00,
         -1.93306867e-01,   7.34254234e-01,   2.72160170e+00,
         -1.91844392e+00,   1.37320670e+00,  -9.65257694e-01,
         -1.17143172e-02,  -1.05095612e+00,   7.22858246e-01,
          1.33672732e+00,   1.86130824e+00,   3.67080810e-01,
         -2.50866390e+00,  -1.06092073e+00,   4.96930043e-01,
         -2.59691777e-01,   4.27034786e-01,  -1.30760718e-01,
         -9.66012965e-01,  -9.86532674e-01,  -7.25644545e-01,
         -1.08474767e+00,   2.40247278e-01,   5.80084204e-01,
         -1.35124005e+00],
       [  1.84043554e-01,  -7.28092602e-01,   1.00979438e+00,
          2.00856505e+00,   3.04803739e-01,   6.78727450e-01,
          1.61510561e-01,  -9.72778485e-02,  -1.34327454e+00,
          1.00309973e+00,  -9.22122996e-01,   6.89243714e-01,
          1.32663534e+00,  -4.36249155e-01,  -9.91291158e-01,
         -1.40236641e+00,   7.60505313e-02,  -5.76210378e-01,
         -1.49974674e+00,  -1.74821127e-01,  -4.74324577e-01,
          6.21224314e-02,   6.74619427e-02,  -1.87861122e+00,
         -1.35696370e+00,  -1.02940525e+00,   1.85715806e-01,
          5.34646380e-01,  -3.08650265e-01,  -8.65155717e-01,
         -2.46538430e-01,  -3.79275648e-01,  -1.96718782e+00,
          5.27273741e-01,  -6.50137044e-01,   1.04237831e+00,
         -9.54972674e-01,   6.67490387e-01,  -1.10975277e+00,
         -3.42928038e-01],
       [  1.62058069e+00,  -1.05538379e+00,   1.68874789e+00,
         -6.02415369e-01,  -4.04800573e-01,   1.91262529e+00,
          1.19908189e+00,   2.37014664e+00,   1.91397450e-01,
          7.00122353e-01,  -1.92916584e-01,   1.12960989e+00,
         -7.11226827e-01,   1.50985357e+00,   1.10604276e-01,
         -1.65916596e-01,   1.83215480e-01,   1.17171217e+00,
         -9.59970401e-01,   3.63132839e-01,  -1.39974450e-01,
         -1.59853832e+00,  -1.40532489e-01,  -6.51141388e-01,
          2.29813995e-01,   6.76167229e-01,  -1.35382673e+00,
          5.75505510e-01,   1.81627419e+00,  -4.51038951e-01,
         -5.08235812e-01,  -1.19941237e-01,  -1.91634182e-01,
         -1.41634301e+00,  -1.22680539e-01,   5.69110189e-01,
          1.24648125e+00,   9.57612170e-01,   1.43364672e+00,
         -1.59182435e+00],
       [  9.07989188e-02,   7.81233815e-01,  -1.99329577e-01,
          6.28765253e-01,  -1.51241344e-01,   1.74943138e-01,
          3.89470281e-01,  -6.21608378e-01,   2.49622468e-02,
         -7.04774118e-01,   9.96086062e-01,  -7.87818950e-01,
          8.06217714e-02,  -4.80713295e-01,  -7.36835189e-01,
          2.20350184e-01,  -7.28739085e-01,  -1.22767499e-01,
          1.40374636e+00,   1.84317477e+00,  -3.29708354e-01,
         -5.08472550e-01,  -2.95355576e-01,  -1.27339498e+00,
          7.12636981e-01,   1.40148033e+00,  -7.19264386e-01,
         -1.28256549e+00,  -2.67160003e-01,   1.01508114e-02,
          4.80257454e-01,   2.97807420e-01,   2.27492268e-02,
          2.57559909e+00,   9.21421318e-01,   8.73688478e-01,
         -1.18812655e+00,  -1.62989316e-01,   2.12948098e-01,
          6.96041282e-01],
       [ -1.00407468e-01,  -2.44143328e+00,   1.06885587e-01,
          7.72582223e-01,   7.40940783e-01,   2.51468966e+00,
         -4.68484452e-01,  -2.06619909e-01,   4.12994404e-01,
          5.88839480e-01,   6.26318128e-01,   1.42734662e-01,
          8.53772325e-01,  -8.27000387e-01,   4.33385618e-01,
          3.37957431e-01,   2.76404946e-01,   1.23957064e+00,
         -5.30045336e-01,  -5.32539789e-01,  -5.18983957e-01,
          3.73483450e-01,  -1.34108825e-01,  -1.87027983e+00,
          7.62424984e-01,   6.38477927e-01,   1.14389651e+00,
         -2.42837974e-01,  -1.65699077e-01,   8.12814303e-02,
         -3.85953760e-01,  -8.18516307e-01,   1.28154294e+00,
         -1.35852135e+00,  -1.10904896e-01,  -1.64465442e-01,
         -6.57169778e-01,  -2.76401625e+00,  -9.13331055e-02,
          3.29289107e-02],
       [  1.65560740e-01,  -3.11773024e-01,   1.43332247e+00,
          8.52650098e-01,  -2.83447323e-02,   1.53415589e+00,
         -6.80042666e-01,  -2.01496106e+00,  -2.93101225e-01,
          5.76750966e-01,   2.64502145e+00,   8.97557133e-01,
          9.16521608e-01,   3.79467690e-01,  -6.42040140e-01,
         -1.94316890e+00,  -1.92535671e-01,  -1.57369434e+00,
          2.55272877e-01,   4.54322071e-01,   4.38449756e-01,
         -2.44155126e-01,  -1.05788466e+00,  -2.16487495e-01,
          9.13228515e-01,   4.71782714e-01,  -9.68457307e-01,
          6.03054478e-01,   6.12674465e-01,  -1.06150108e+00,
         -3.14087796e-01,   5.89343024e-01,  -1.80269854e-01,
         -4.16267574e-01,  -4.78514631e-01,  -8.98575353e-01,
         -1.08514515e+00,  -5.46285211e-01,  -8.25099761e-01,
         -1.32022807e+00],
       [ -5.39308310e-01,  -1.30199888e+00,   9.57047140e-01,
         -1.15021345e+00,   7.61734441e-01,   8.86377114e-01,
         -1.73611889e-01,  -7.59390169e-01,   1.20362440e+00,
         -1.39144936e-01,  -6.08293312e-01,  -9.20395722e-01,
         -6.73843422e-01,   8.70627227e-01,  -1.14758374e+00,
          1.21336870e+00,  -1.96521214e+00,  -6.98292885e-01,
         -1.18131552e+00,   1.68459395e+00,  -6.85768608e-01,
         -8.34049077e-01,   1.98507686e+00,  -8.32971485e-01,
         -1.22213494e+00,   9.89935417e-02,   1.14571652e+00,
         -1.60960495e+00,   8.56845764e-01,  -1.62415527e+00,
         -1.02498612e+00,   9.53490128e-02,  -1.83694877e-01,
          1.29964904e+00,   9.81523291e-02,  -8.24043668e-01,
          9.83596539e-01,  -4.77405652e-01,   6.84176325e-01,
         -1.13827666e+00],
       [  4.28424293e-01,   1.14305356e-01,  -2.35348507e-01,
          5.97890308e-01,   8.25072508e-02,  -1.13135484e+00,
          2.00483559e+00,  -3.89517159e-01,   4.40654490e-01,
          1.10261197e+00,   5.88761802e-01,  -3.18972486e-02,
          8.86950026e-01,  -4.31787988e-02,  -3.10803484e-01,
         -2.84093454e-01,   1.03920686e+00,   6.91038146e-01,
          1.75392426e+00,   8.68407890e-01,   1.42607294e-01,
         -7.82827772e-01,   1.50621035e+00,  -5.36739179e-01,
         -1.48159456e+00,  -1.95610358e-01,   1.11201399e+00,
         -1.37167849e+00,  -1.23837421e+00,   6.07931998e-01,
          7.81191995e-01,   1.74142098e-01,   1.11138203e+00,
         -8.46865274e-02,   6.05846472e-01,   1.02081040e+00,
          8.44113986e-02,   5.84128730e-01,   9.45335752e-01,
         -5.70347604e-01],
       [ -1.13026298e+00,  -3.94834701e-01,  -2.84604185e-01,
          5.68564593e-01,  -1.05083229e+00,   6.40792402e-01,
         -1.05554784e+00,  -1.62463557e+00,  -1.87027006e-01,
         -8.19199791e-01,   2.81736960e-01,  -1.84940691e+00,
         -2.01792449e+00,   5.34246333e-01,  -3.43372009e-01,
          1.77637640e+00,  -1.61629019e+00,  -1.95916269e-01,
          2.66207209e+00,  -6.41571069e-01,  -1.93346278e+00,
         -2.41802084e-01,  -6.25554026e-01,   1.70911531e+00,
          1.34100878e+00,   1.05538834e+00,  -7.04082192e-02,
         -2.12836120e-01,  -2.16150516e-01,   4.82929656e-01,
         -6.83151750e-01,  -3.21092556e-01,  -6.45372948e-02,
          9.09812658e-01,   1.18457295e-01,  -8.84178616e-01,
          1.38360716e-01,   1.97197631e+00,  -2.66193662e+00,
         -1.19457504e+00],
       [ -3.13098966e-01,  -1.25334746e-01,  -9.31593769e-01,
         -2.10531157e-01,  -1.83565997e+00,   7.68857909e-01,
         -7.01843615e-01,   3.28930586e-01,  -8.38120939e-01,
          1.78514704e-01,  -6.02037091e-01,   1.32994811e+00,
          3.34142652e-01,  -7.37621024e-01,  -3.99047217e-01,
         -3.56008139e-01,  -3.30333893e-01,  -8.34223293e-01,
         -6.25241233e-01,  -7.16922504e-01,   1.12918295e-01,
         -1.10788553e+00,   9.18501288e-01,  -2.60247609e-01,
          1.21258887e+00,   3.02333627e-01,  -3.20265864e-02,
         -8.96983401e-01,  -4.94756818e-02,   1.94949765e-01,
         -6.28656791e-01,  -1.31574743e+00,  -1.95409324e-01,
          1.80333280e+00,  -1.39831639e+00,   1.35981228e+00,
          9.14787738e-01,  -2.12512918e-01,  -9.10825009e-02,
         -2.17808543e-01]])]
Epoch 0: 311 / 1034
Epoch 1: 247 / 1034
Epoch 2: 246 / 1034
Epoch 3: 239 / 1034
Epoch 4: 259 / 1034
Epoch 5: 206 / 1034
Epoch 6: 206 / 1034
Epoch 7: 225 / 1034
Epoch 8: 233 / 1034
Epoch 9: 235 / 1034
Epoch 10: 218 / 1034
Epoch 11: 277 / 1034
Epoch 12: 273 / 1034
Epoch 13: 246 / 1034
Epoch 14: 250 / 1034
Epoch 15: 250 / 1034
Epoch 16: 250 / 1034
Epoch 17: 301 / 1034
Epoch 18: 309 / 1034
Epoch 19: 309 / 1034
Epoch 20: 309 / 1034
Epoch 21: 309 / 1034
Epoch 22: 309 / 1034
Epoch 23: 309 / 1034
Epoch 24: 309 / 1034
Epoch 25: 309 / 1034
Epoch 26: 309 / 1034
Epoch 27: 309 / 1034
Epoch 28: 309 / 1034
Epoch 29: 309 / 1034
