initial biases:
[array([[-0.73154108],
       [ 0.93132367],
       [-0.15308868],
       [ 0.50184952],
       [-0.32922069],
       [-0.44962762],
       [ 0.45573974],
       [-1.12951001],
       [-0.24610712],
       [-0.09685447],
       [-0.21820765],
       [-2.14276081],
       [-0.51849578],
       [-0.71920789],
       [-1.27869066],
       [ 0.64774492],
       [-0.19516374],
       [ 0.63060818],
       [-0.96387621],
       [-0.23300197],
       [-2.31888368],
       [ 0.66877026],
       [ 0.79912758],
       [-1.11405725],
       [ 0.54821946],
       [-1.09550216],
       [-0.30680405],
       [-0.14212309],
       [ 0.39043358],
       [ 0.58476064],
       [ 0.75060275],
       [-0.66608618],
       [ 0.75167346],
       [-0.66493876],
       [-1.35203919],
       [ 0.88078784],
       [ 1.50111966],
       [ 0.43115191],
       [ 0.37255616],
       [ 0.59202808],
       [-0.08437716],
       [-0.24437676],
       [ 0.22560694],
       [ 0.27767487],
       [ 0.27167975],
       [-0.12750722],
       [-0.49894944],
       [ 0.00596616],
       [-0.12145976],
       [-1.63823164]]), array([[ 0.56052124],
       [-0.91227689],
       [-2.51581465],
       [ 0.86793946],
       [-0.7295607 ],
       [ 2.33069643],
       [-1.13748127],
       [-1.39228374],
       [-0.31528783],
       [-0.90648709],
       [-0.12179996]])]
initial weights:
[array([[-0.39415572,  0.57167308, -0.61536665,  0.14319042],
       [-0.53145666, -0.09695589,  0.71722837, -0.64073621],
       [-0.97402709,  1.19425685, -0.98312266, -0.34799707],
       [ 0.86042841, -0.50350245, -1.25695025, -1.12004213],
       [-0.633527  ,  1.02836378,  0.61922765,  0.80355976],
       [ 2.61222955,  0.29765013,  0.06993074,  0.62261294],
       [ 0.63025378,  0.9025693 ,  0.41967914, -1.22858457],
       [ 1.17839077,  0.14245   , -1.91394593,  1.38630473],
       [-1.18550397, -1.42755691, -0.51048758,  0.6104282 ],
       [ 1.34394412, -0.05381864,  0.31352646, -1.06526063],
       [-0.11740587, -0.63883582,  0.14147062,  0.15562519],
       [ 2.31946771,  0.75659966, -0.10826496,  0.15728072],
       [ 0.25196696, -0.72230771,  0.82052511,  1.16315117],
       [-0.35377072,  1.00436248, -0.29980213,  0.28419169],
       [-0.68800446, -0.40766269,  1.58726195,  0.23593559],
       [-0.76622531, -0.45581288,  1.66708531,  1.04144283],
       [ 1.48015737, -0.92865409,  0.26141165,  0.26089721],
       [-0.63259129, -1.20567169,  0.70164848,  0.97886331],
       [-0.99636535,  1.0901109 , -0.4148149 ,  0.73196643],
       [ 0.02938618, -1.49132915, -0.78110004, -0.5371153 ],
       [ 0.08522802,  2.05181538, -0.90711754,  0.61433317],
       [ 0.29412972,  0.16855175,  0.39106373, -2.41422369],
       [ 1.12246677,  0.49063771,  0.86354929, -1.39226558],
       [-0.96345562,  0.43621681, -0.0153717 ,  1.58965806],
       [ 1.54731272, -0.02753474, -0.42351142,  2.144013  ],
       [ 0.00342109, -0.53243493, -0.14899419, -0.74680062],
       [ 0.92772095,  1.84550474,  0.52945007,  1.06202117],
       [-0.97963676,  1.46206806,  1.53552811,  1.15669216],
       [-0.24357592, -0.59964838, -2.33097089,  1.18539319],
       [-1.42771498, -1.28218952,  1.11354365, -0.86838266],
       [-0.28293424,  0.97200998, -1.01898034,  0.3941996 ],
       [ 0.20160052,  1.44366076,  0.73166137, -0.95071332],
       [-0.26540146, -0.27699239, -0.96351101, -0.5394871 ],
       [-0.8677302 ,  1.37912722, -0.3819126 , -0.42781426],
       [ 0.17679739,  0.6485662 , -0.14502699,  0.12256495],
       [ 0.23912087, -1.38514815, -0.78301471, -0.53857978],
       [ 0.71088564, -1.01065898, -0.32058585,  1.60556674],
       [-0.43996458,  0.39830922, -1.8971813 , -0.81793133],
       [ 0.04356166,  0.92353669, -0.50358115, -0.0638241 ],
       [-0.78580359,  0.20184613, -0.05008872,  1.76258821],
       [ 0.99157429,  0.28422203, -1.52688656,  0.74547783],
       [-1.37864979, -0.12098358,  0.34305844,  0.53676036],
       [-0.91045798,  0.12784618, -0.91195736, -0.74844248],
       [-0.32694566, -0.38565917,  1.13898966, -0.97311075],
       [-1.11878937, -1.31999684,  1.14153977, -0.17578453],
       [-0.66845209, -1.65055188,  0.22011875, -0.2067617 ],
       [ 0.26700836,  0.01164996, -1.000398  , -0.47683852],
       [-2.66253629, -2.84797505,  0.64469941, -1.38717349],
       [-0.40064612,  1.68826333,  0.54116479,  0.94822482],
       [ 1.0281803 , -0.55217751, -0.35670797, -1.64774691]]), array([[ 0.32462762, -0.19613511, -0.78636598, -0.9592246 ,  0.706726  ,
        -0.41453847,  0.00800611,  1.40344441, -2.78729055,  0.29920886,
         0.37590393,  3.16287034,  0.61626531, -0.03665309, -0.21856225,
         2.35095537,  0.02794819,  1.9023933 , -0.0111233 , -2.13420316,
         1.08701019,  1.00027415,  0.65547039, -0.7346786 ,  1.14698159,
        -0.2836304 , -0.45925969, -0.36205098,  0.846662  ,  1.88370372,
        -0.49706946,  1.37855133, -1.02484084,  0.41110958,  0.90665103,
        -0.31199734,  0.40130149, -0.45091175,  2.17377213,  0.53359729,
         0.90863904, -0.90857658, -0.21776545, -1.31996473, -0.8163794 ,
         0.55224367,  0.81382309, -1.11297947, -1.04776083,  1.9373022 ],
       [ 0.38990995,  0.34084842, -1.11138092, -0.0193352 ,  1.30193856,
         2.24697862, -1.07868028, -0.66967154,  0.10008468,  0.06597474,
         0.94725435,  0.67835291,  1.13604873, -0.65525227,  0.07983236,
        -0.10281293,  0.95904531,  0.90867317, -0.31884374,  0.16525152,
         0.51789145,  1.11762609,  0.63620539, -0.81524052,  0.4762665 ,
        -0.07766597, -2.14282257,  0.52288653,  0.67024862,  0.69560677,
         0.60278284,  0.33539936,  1.13408094,  0.53749882, -0.07145219,
         0.06579816,  0.45671987,  0.99286811,  1.48690878,  0.49195851,
         0.57733718, -1.47639662, -0.68054797,  0.63304154, -1.52098242,
        -0.21434083,  0.01246306,  1.08215356,  0.14900777, -0.43754611],
       [-2.0780531 ,  0.05665184,  0.18581264, -1.37857735, -1.63709812,
        -1.18334456,  1.58523155, -2.35221542,  0.60257251, -1.07787674,
        -0.24297575, -0.96496177,  1.19329022,  1.75953997, -0.63473495,
         0.1771604 ,  0.10340903,  0.45209823, -0.39391508, -0.27811686,
         1.25574578, -1.20005485,  0.09990798,  0.49452802, -0.03257217,
         0.10295122, -0.54794046, -0.70590081,  1.07105143, -0.79154003,
         0.48871246,  1.00784647, -0.69589639, -0.56219524, -0.51646429,
         0.06814895,  0.88379735,  0.94494715,  0.17546931,  1.45422847,
         0.20468397, -0.67281767, -1.0710405 , -0.50381102,  0.7159768 ,
         0.02246999,  0.35973658, -0.3849528 , -0.4360727 , -2.1564189 ],
       [-0.12712369, -1.04565821,  0.68603433,  1.20856718, -0.9346267 ,
        -1.30211783, -0.10650235, -0.74424932, -0.90863767,  1.04244597,
         0.90671608,  2.43122565,  0.65443038,  1.68989904, -1.34375125,
         0.05021469, -0.52076137,  0.92592363, -0.550084  ,  1.17300433,
         0.81356222,  0.24101059, -0.4347495 , -0.25686745, -1.29472568,
        -0.95741298,  0.32494166,  0.04157777,  1.87156682,  1.09497106,
         0.24224809,  0.7900477 ,  0.66108036,  0.41332785, -0.09244757,
         1.06093479, -0.19224741,  0.70638973, -0.70543361,  1.6231136 ,
         1.03649474, -0.91604664,  1.8780343 , -1.98857603, -0.4121537 ,
         0.5087439 ,  1.28226235,  0.72732121, -0.63880171, -0.50383907],
       [ 1.27139125,  0.61437646,  0.36194604,  0.45762249,  0.5991261 ,
        -1.55144607, -0.02371795,  0.70123669, -0.0187911 ,  0.10251238,
         0.07318732, -0.36486825,  0.45105651, -0.42957373,  1.54654318,
         1.58629284, -0.53999289, -0.64177418, -0.32080486, -0.38162205,
        -0.19312608,  0.79597573, -1.00444174, -1.18615083, -0.15392285,
         2.80872289, -0.70332426,  0.71152408, -1.24676635, -2.15070188,
        -2.84519067,  0.40673585,  1.21200427, -0.30494642,  0.96573135,
         0.07945947, -0.17668252, -1.81118096, -0.60941899, -0.99266316,
         2.07395386,  0.27245712, -0.34888003,  0.05583955, -0.2874739 ,
        -0.95207177, -0.4586425 ,  0.41954588, -1.54393785, -0.5683563 ],
       [-0.5457148 , -0.77336604, -0.19823568,  0.26902077, -0.58768342,
         1.19100197,  0.15644235, -0.63724109,  0.38910137, -0.02687361,
         1.01912798, -0.42364035,  0.30715652,  0.82548397, -0.42984374,
         0.58840702, -0.31467707, -0.52441483,  1.65834037, -1.71525536,
        -0.16291644,  1.61239247, -0.96345829,  0.10723667, -0.01171896,
        -0.56533623, -0.12273329,  1.46330912, -0.96247423, -0.65652191,
        -0.42322057, -0.22252267, -0.40672231,  0.18528324,  1.22169707,
        -1.02164922, -0.0635982 , -0.02350852,  0.44655631, -1.55860175,
         1.15449686, -0.37896253, -0.87552829, -0.66915833,  1.54112099,
         1.07736545, -0.87319345, -0.37962804,  0.05785013, -0.27807012],
       [-1.40511819, -0.36523006, -0.03962119,  0.7406344 ,  0.69418975,
         0.45629829, -0.56948663, -0.10704252,  1.99892297, -1.21290793,
        -0.3733455 ,  0.3860129 , -0.13735678,  0.30743242,  0.31296453,
         0.8923964 , -1.38224844,  1.26184241,  1.43282782, -0.94070774,
        -0.23929255,  0.04358801, -2.04004948, -0.4920973 ,  0.38391793,
        -0.53035206, -0.45958305, -1.80845404, -0.0602772 ,  0.43394634,
         0.64287075,  0.72572558, -2.08633099,  0.40253056, -0.20106061,
         1.0511973 ,  0.01435639,  1.04050699, -0.24901496,  2.57561438,
        -1.09730315,  1.49516528,  1.01663549, -0.34339471,  0.48226226,
        -0.20219711, -1.23005492,  0.51013005,  0.07868327,  1.52696671],
       [ 0.21272559, -0.90998674, -1.67776122, -1.006757  , -0.98399767,
        -0.32892817,  0.29056807, -0.35561579, -1.86871369, -0.63217656,
        -0.67758056,  0.33320137,  0.86287822, -0.17542632, -0.36157484,
        -0.2131732 ,  0.35632482, -1.7004404 , -0.65456151, -0.45943282,
         0.83083742, -0.56936946,  1.13492574, -0.34541023,  0.36973561,
         0.00401533, -1.43434126, -0.83135233, -1.71747466, -1.30268541,
         2.11352596,  0.55724681,  0.71929724, -0.85684418, -0.15448588,
        -1.15400967,  0.9662171 ,  0.01395441,  0.06189237,  0.30320664,
         2.29498422,  0.93678996, -0.87963655,  1.12195164, -1.23206563,
        -0.9705901 , -0.57531059,  2.07528595,  1.57572969,  1.58703338],
       [ 1.06305361, -0.13772937, -1.16843508,  0.13569181,  0.0825814 ,
        -0.2208726 , -0.62490321, -0.22334179,  0.66112666, -0.49840787,
         1.31502093, -1.4066885 , -0.96045777,  0.25947377,  0.47366243,
         0.35465495, -1.01571407,  1.85804575,  0.28062011, -1.57218993,
        -0.82079937,  1.71800696,  1.34287713,  1.76347865, -0.91717175,
         0.43104956, -0.50242937,  0.08601519,  0.18251428, -0.89622665,
        -0.08757913, -0.53908168,  1.38254528, -0.61230103, -1.54562712,
        -1.43503774,  0.58924031, -0.40418788,  0.90607743, -0.33283281,
         0.5465942 ,  2.0811847 , -0.80559053,  0.46777405, -0.65339654,
         0.63674804,  0.41944012, -1.38520248,  0.2386632 , -0.12803295],
       [ 1.13375366,  0.27057884, -1.03671409, -1.00204026,  0.48365394,
        -0.21467199, -0.45056074,  2.57869603,  0.51130146, -0.73884462,
        -0.15462762, -2.30564752,  1.33181451,  2.15968728,  0.98421907,
        -0.58190787, -0.24465528, -1.22677642,  0.28132154, -0.4829034 ,
        -1.14259189,  0.74832409,  0.69268191, -1.27148523,  0.09014685,
         1.05145984,  0.32458025,  0.47013717, -0.35955473,  1.15789918,
         0.36961829, -0.99995711, -0.86308794, -1.00669664, -1.91822617,
        -1.92311486, -0.20097607, -0.9799459 , -1.42815773,  0.59162443,
         0.32191855,  0.10487169,  0.20367341, -1.27066797, -0.78957599,
         0.19029578,  0.50215438, -1.59614127, -2.51276222, -0.05409268],
       [-0.15567468, -0.07435457, -1.5135394 ,  1.94339985,  0.17272583,
        -0.53452079, -0.58929275, -0.42343742, -2.31447863,  1.71709275,
        -1.15256851,  0.6238063 ,  0.25487406, -2.26818142,  1.70881908,
         1.29949632,  0.95825921, -1.56823816, -0.85110447,  0.56826245,
         0.46484219, -1.7961881 ,  0.11008855,  0.25192431,  0.06002856,
        -0.23760768,  0.64752974,  1.02958054,  0.70697168,  0.25978678,
        -0.57000761,  1.09600637,  1.99031935, -0.62672376, -0.92327749,
        -1.28338845, -1.05701077,  0.93898523,  0.46563864, -1.86904478,
        -0.26921419,  1.13317737,  0.12828874, -1.07567733,  0.38543541,
        -0.07980556,  0.84872806, -1.19939986,  0.2272728 , -3.24385071]])]
Epoch 0: 330 / 1034
Epoch 1: 277 / 1034
Epoch 2: 243 / 1034
Epoch 3: 236 / 1034
Epoch 4: 243 / 1034
Epoch 5: 282 / 1034
Epoch 6: 222 / 1034
Epoch 7: 250 / 1034
Epoch 8: 240 / 1034
Epoch 9: 199 / 1034
Epoch 10: 216 / 1034
Epoch 11: 216 / 1034
Epoch 12: 216 / 1034
Epoch 13: 216 / 1034
Epoch 14: 216 / 1034
Epoch 15: 217 / 1034
Epoch 16: 217 / 1034
Epoch 17: 217 / 1034
Epoch 18: 217 / 1034
Epoch 19: 225 / 1034
Epoch 20: 251 / 1034
Epoch 21: 251 / 1034
Epoch 22: 251 / 1034
Epoch 23: 251 / 1034
Epoch 24: 251 / 1034
Epoch 25: 251 / 1034
Epoch 26: 251 / 1034
Epoch 27: 251 / 1034
Epoch 28: 251 / 1034
Epoch 29: 251 / 1034
